NNN 0.0018450184501845018 0 0.0018450184501845018
NNN 0.0036900369003690036 0 0.0036900369003690036
VVMVNF 0.0018450184501845018 0 0.005535055350553505
NNN 0.0018450184501845018 0 0.007380073800738007
NNN 0.0018450184501845018 0 0.00922509225092251
VVMVNF 0.0018450184501845018 0 0.01107011070110701
VVMVNF 0.0018450184501845018 0 0.014760147601476014
NNN 0.0018450184501845018 0 0.016605166051660517
NNN 0.0018450184501845018 0 0.01845018450184502
NNN 0.007380073800738007 0 0.02029520295202952
VVMVNF 0.0036900369003690036 0 0.02214022140221402
NNN 0.0018450184501845018 0 0.023985239852398525
NNN 0.0018450184501845018 0 0.02952029520295203
VVMVNF 0.0018450184501845018 0 0.03136531365313653
VVMVNF 0.0018450184501845018 0 0.033210332103321034
NNN 0.0018450184501845018 0 0.03505535055350553
NNN 0.0018450184501845018 0 0.03690036900369004
NNN 0.0018450184501845018 0 0.03874538745387454
NNN 0.0018450184501845018 0 0.04428044280442804
NNN 0.0018450184501845018 0 0.046125461254612546
NNN 0.0018450184501845018 0 0.04797047970479705
NNN 0.0018450184501845018 0 0.04981549815498155
VVAUX 0.0018450184501845018 0 0.05166051660516605
NNN 0.0018450184501845018 0 0.05350553505535055
NNN 0.005535055350553505 0 0.055350553505535055
NNN 0.0018450184501845018 0 0.05904059040590406
NNN 0.0018450184501845018 0 0.06088560885608856
NNN 0.0036900369003690036 0 0.06273062730627306
NNN 0.0018450184501845018 0 0.06457564575645756
NNN 0.0036900369003690036 0 0.06642066420664207
NNN 0.0018450184501845018 0 0.06826568265682657
NNN 0.0018450184501845018 0 0.07011070110701106
NNN 0.0018450184501845018 0 0.07195571955719557
VVMVNF 0.0018450184501845018 0 0.07380073800738007
NNN 0.0036900369003690036 0 0.07564575645756458
NNN 0.0018450184501845018 0 0.07933579335793357
NNN 0.0018450184501845018 0 0.08118081180811808
NNNP 0.0018450184501845018 0 0.08302583025830258
NNN 0.0036900369003690036 0 0.08487084870848709
NNST 0.0036900369003690036 0 0.08671586715867159
VVMVNF 0.0018450184501845018 0 0.08856088560885608
NNN 0.0018450184501845018 0 0.09040590405904059
NNN 0.0018450184501845018 0 0.09225092250922509
VVAUX 0.0018450184501845018 0 0.0940959409594096
NNN 0.0018450184501845018 0 0.0959409594095941
NNN 0.0018450184501845018 0 0.0996309963099631
NNN 0.0018450184501845018 0 0.1014760147601476
VVMVNF 0.0018450184501845018 0 0.1033210332103321
NNN 0.0018450184501845018 0 0.10516605166051661
VVMVNF 0.0018450184501845018 0 0.1070110701107011
VVMVNF 0.0018450184501845018 0 0.1088560885608856
NNN 0.0018450184501845018 0 0.11070110701107011
NNN 0.005535055350553505 0 0.11254612546125461
NNN 0.0018450184501845018 0 0.11439114391143912
NNN 0.0018450184501845018 0 0.11992619926199262
NNN 0.0018450184501845018 0 0.12361623616236163
NNN 0.0018450184501845018 0 0.12730627306273062
VVMVNF 0.0018450184501845018 0 0.12915129151291513
NNN 0.0018450184501845018 0 0.13099630996309963
NNN 0.0018450184501845018 0 0.13284132841328414
NNN 0.0018450184501845018 0 0.13468634686346864
VVMVNF 0.0018450184501845018 0 0.13653136531365315
NNN 0.0018450184501845018 0 0.13837638376383765
NNN 0.0018450184501845018 0 0.14022140221402213
NNN 0.0018450184501845018 0 0.14391143911439114
VVMVNF 0.0018450184501845018 0 0.14575645756457564
NNN 0.0018450184501845018 0 0.14760147601476015
NNN 0.0018450184501845018 0 0.14944649446494465
NNN 0.0018450184501845018 0 0.15129151291512916
NNST 0.0018450184501845018 0 0.15313653136531366
NNN 0.0018450184501845018 0 0.15498154981549817
NNN 0.0018450184501845018 0 0.15682656826568267
NNN 0.0018450184501845018 0 0.15867158671586715
VVAUX 0.0018450184501845018 0 0.16051660516605165
NNN 0.0018450184501845018 0 0.16236162361623616
NNN 0.0018450184501845018 0 0.16420664206642066
VVMVNF 0.0018450184501845018 0 0.16789667896678967
