NNN 0.016 0 0.008
NNN 0.016 0 0.016
NNNP 0.048 0 0.024
NNNP 0.064 1 0.032
VVMVNF 0.024 0 0.04
NNN 0.016 0 0.056
NNN 0.032 1 0.064
NNNP 0.008 0 0.072
NNN 0.008 0 0.104
NNN 0.008 0 0.112
NNN 0.04 0 0.128
NNN 0.016 0 0.136
NNN 0.008 0 0.144
NNN 0.016 0 0.152
NNN 0.016 0 0.16
NNST 0.008 0 0.176
NNN 0.008 0 0.184
VVMVNF 0.008 0 0.192
NNNP 0.008 0 0.2
NNN 0.008 0 0.208
NNN 0.008 0 0.216
NNN 0.008 0 0.224
NNN 0.008 0 0.232
VVMVNF 0.008 0 0.24
NNNP 0.008 0 0.248
VVMVNF 0.008 0 0.256
NNN 0.008 0 0.272
VVMVNF 0.008 0 0.28
NNN 0.008 0 0.288
NNN 0.008 0 0.296
NNN 0.008 0 0.304
VVMVNF 0.008 0 0.368
NNNP 0.016 0 0.384
VVMVNF 0.008 0 0.4
NNN 0.008 0 0.416
NNN 0.008 0 0.424
NNN 0.008 0 0.432
NNN 0.008 0 0.44
NNN 0.008 0 0.448
NNN 0.032 0 0.456
NNN 0.008 0 0.464
NNN 0.008 0 0.472
NNN 0.008 0 0.48
NNN 0.008 0 0.488
NNN 0.008 0 0.496
NNN 0.008 0 0.536
NNN 0.008 0 0.544
NNN 0.008 0 0.552
VVMVNF 0.008 0 0.56
VVMVNF 0.008 0 0.568
NNN 0.008 0 0.592
NNN 0.008 0 0.616
VVMVNF 0.008 0 0.632
NNNP 0.016 0 0.648
NNN 0.008 0 0.656
VVMVNF 0.04 0 0.664
NNN 0.008 0 0.672
NNN 0.008 0 0.68
VVMVNF 0.008 0 0.688
NNN 0.008 0 0.696
NNN 0.008 0 0.704
NNN 0.008 0 0.712
NNN 0.008 0 0.72
NNNP 0.008 0 0.728
NNN 0.008 0 0.744
NNN 0.008 0 0.752
NNN 0.008 0 0.768
NNN 0.008 0 0.776
