NNN 0.007936507936507936 0 0.003968253968253968
NNN 0.007936507936507936 0 0.007936507936507936
VVMVNF 0.007936507936507936 0 0.011904761904761904
NNN 0.007936507936507936 0 0.015873015873015872
NNN 0.011904761904761904 0 0.01984126984126984
NNNP 0.007936507936507936 0 0.023809523809523808
NNN 0.011904761904761904 0 0.027777777777777776
NNN 0.007936507936507936 0 0.031746031746031744
NNST 0.007936507936507936 0 0.03571428571428571
NNNP 0.003968253968253968 0 0.03968253968253968
NNN 0.007936507936507936 0 0.04365079365079365
NNN 0.003968253968253968 0 0.047619047619047616
NNNP 0.01984126984126984 0 0.051587301587301584
NNNP 0.015873015873015872 0 0.05555555555555555
NNN 0.003968253968253968 0 0.05952380952380952
VVMVNF 0.003968253968253968 0 0.06349206349206349
NNN 0.015873015873015872 0 0.06746031746031746
NNN 0.011904761904761904 0 0.07142857142857142
VVMVNF 0.011904761904761904 0 0.07539682539682539
NNN 0.011904761904761904 0 0.07936507936507936
VVMVNF 0.003968253968253968 0 0.08333333333333333
VVMVNF 0.007936507936507936 0 0.09523809523809523
NNNP 0.003968253968253968 0 0.0992063492063492
VVAUX 0.003968253968253968 0 0.10317460317460317
NNN 0.003968253968253968 0 0.1111111111111111
NNN 0.003968253968253968 0 0.11507936507936507
VVMVNF 0.003968253968253968 0 0.11904761904761904
VVMVNF 0.003968253968253968 0 0.12301587301587301
NNN 0.003968253968253968 0 0.12698412698412698
NNN 0.023809523809523808 0 0.13095238095238096
NNNP 0.003968253968253968 0 0.14285714285714285
NNN 0.003968253968253968 0 0.15079365079365079
VVAUX 0.003968253968253968 0 0.15476190476190477
NNN 0.003968253968253968 0 0.15873015873015872
NNN 0.003968253968253968 0 0.1626984126984127
VVMVNF 0.007936507936507936 0 0.16666666666666666
NNN 0.007936507936507936 0 0.1746031746031746
NNN 0.003968253968253968 0 0.17857142857142858
NNN 0.007936507936507936 0 0.19047619047619047
VVMVNF 0.003968253968253968 0 0.1984126984126984
NNNP 0.003968253968253968 0 0.20238095238095238
NNN 0.003968253968253968 0 0.20634920634920634
VVMVNF 0.003968253968253968 0 0.21031746031746032
NNNP 0.003968253968253968 0 0.21428571428571427
NNN 0.003968253968253968 0 0.21825396825396826
VVAUX 0.003968253968253968 0 0.2261904761904762
NNNP 0.011904761904761904 0 0.23809523809523808
NNN 0.003968253968253968 0 0.24206349206349206
NNN 0.003968253968253968 0 0.24603174603174602
NNN 0.007936507936507936 0 0.25
NNN 0.003968253968253968 0 0.25396825396825395
NNN 0.003968253968253968 0 0.25793650793650796
VVMVNF 0.003968253968253968 0 0.2619047619047619
VVAUX 0.003968253968253968 0 0.26587301587301587
NNNP 0.003968253968253968 0 0.27380952380952384
NNN 0.011904761904761904 0 0.28174603174603174
NNNP 0.003968253968253968 0 0.2857142857142857
NNN 0.003968253968253968 0 0.2896825396825397
NNN 0.003968253968253968 0 0.29365079365079366
VVMVNF 0.003968253968253968 0 0.2976190476190476
NNN 0.003968253968253968 0 0.3373015873015873
NNN 0.003968253968253968 0 0.3412698412698413
NNN 0.003968253968253968 0 0.34523809523809523
VVMVNF 0.003968253968253968 0 0.3492063492063492
NNN 0.003968253968253968 0 0.3611111111111111
NNN 0.003968253968253968 0 0.36507936507936506
VVAUX 0.003968253968253968 0 0.36904761904761907
NNN 0.003968253968253968 0 0.373015873015873
NNN 0.003968253968253968 0 0.376984126984127
NNNP 0.011904761904761904 0 0.38095238095238093
NNN 0.003968253968253968 0 0.38492063492063494
NNN 0.003968253968253968 0 0.3888888888888889
NNNP 0.007936507936507936 0 0.39285714285714285
NNN 0.003968253968253968 0 0.40476190476190477
VVAUX 0.003968253968253968 0 0.4087301587301587
NNNP 0.003968253968253968 0 0.4126984126984127
NNN 0.003968253968253968 0 0.4166666666666667
NNN 0.007936507936507936 0 0.4246031746031746
NNN 0.003968253968253968 0 0.42857142857142855
NNN 0.003968253968253968 0 0.43253968253968256
NNN 0.003968253968253968 0 0.44047619047619047
NNN 0.003968253968253968 0 0.45634920634920634
VVMVNF 0.003968253968253968 0 0.4603174603174603
NNN 0.003968253968253968 0 0.4642857142857143
VVMVNF 0.003968253968253968 0 0.4801587301587302
NNN 0.003968253968253968 0 0.503968253968254
NNN 0.003968253968253968 0 0.5079365079365079
NNN 0.003968253968253968 0 0.5119047619047619
