NNN 0.016 0 0.488
NNN 0.016 0 0.504
NNN 0.016 0 0.512
NNN 0.016 0 0.544
NNN 0.016 0 0.432
NNNP 0.016 0 0.44
NNNP 0.008 0 0.104
NNNP 0.008 0 0.112
NNNP 0.008 0 0.12
NNNP 0.008 0 0.128
NNNP 0.008 1 0.136
NNN 0.016 0 0.376
NNN 0.008 0 0.168
NNN 0.016 0 0.272
NNNP 0.008 0 0.184
NNN 0.008 0 0.2
VVMVF 0.008 0 0.208
NNST 0.008 0 0.24
NNN 0.008 0 0.256
NNN 0.008 0 0.28
NNN 0.008 0 0.288
NNN 0.008 0 0.296
VVMVF 0.008 0 0.304
NNN 0.008 0 0.312
VVMVF 0.008 0 0.32
NNN 0.008 0 0.336
NNN 0.016 0 0.416
VVMVF 0.008 0 0.352
NNN 0.008 0 0.36
VVMVF 0.008 0 0.368
NNN 0.008 0 0.384
VVMVF 0.008 0 0.392
VVMVF 0.008 0 0.424
NNN 0.008 0 0.448
NNN 0.008 0 0.456
NNN 0.008 0 0.56
NNN 0.016 0 0.664
NNN 0.008 0 0.6
NNN 0.008 0 0.608
NNN 0.008 0 0.616
NNN 0.008 0 0.624
NNN 0.008 0 0.632
NNN 0.008 0 0.64
VVAUX 0.008 0 0.648
NNNP 0.016 0 0.664
VVMVF 0.008 0 0.672
NNN 0.008 0 0.68
VVMVF 0.008 0 0.688
NNNP 0.008 0 0.696
